0.0000000000e+00	9.5105651630e-01	9.5105651630e-01
-1.2206232585e-02	9.9822439659e-01	1.0104306292e+00
-3.4943393510e-02	9.8105588106e-01	1.0159992746e+00
-5.4438055130e-02	9.0065749485e-01	9.5509554998e-01
-6.1651485981e-02	7.6221098110e-01	8.2386246708e-01
-6.2511618395e-02	5.7463933320e-01	6.3715095160e-01
-6.9177621663e-02	3.5003170048e-01	4.1920932215e-01
-8.3347643399e-02	1.0286423241e-01	1.8621187581e-01
-9.2378687618e-02	-1.5093292133e-01	5.8554233714e-02
-8.3988241500e-02	-3.9500232227e-01	3.1101408077e-01
-6.2397428838e-02	-6.1361349373e-01	5.5121606489e-01
-4.5099664207e-02	-7.9267676318e-01	7.4757709897e-01
-4.1912078620e-02	-9.2065135340e-01	8.7873927478e-01
-4.1568807642e-02	-9.8928919518e-01	9.4772038754e-01
-2.4882883875e-02	-9.9416652233e-01	9.6928363846e-01
9.4253709881e-03	-9.3496898703e-01	9.4439435802e-01
3.9528251261e-02	-8.1551191986e-01	8.5504017113e-01
4.5971728035e-02	-6.4349442855e-01	6.8946615658e-01
3.7161819246e-02	-4.3000318402e-01	4.6716500327e-01
3.9945948668e-02	-1.8879787525e-01	2.2874382392e-01
6.3975570996e-02	6.4575614213e-02	6.0004321747e-04
8.5755826443e-02	3.1378715143e-01	2.2803132498e-01
7.6449844701e-02	5.4277484473e-01	4.6632500003e-01
4.0022607574e-02	7.3678024610e-01	6.9675763853e-01
1.0997156497e-02	8.8329954543e-01	8.7230238894e-01
1.1657939209e-02	9.7288945155e-01	9.6123151234e-01
2.3251811206e-02	9.9977582019e-01	9.7652400899e-01
1.0176679678e-02	9.6222580246e-01	9.5204912279e-01
-3.2759712762e-02	8.6265952835e-01	8.9541924111e-01
-7.1595239161e-02	7.0749412735e-01	7.7908936651e-01
-7.5095707861e-02	5.0673013912e-01	5.8182584698e-01
-5.3093004362e-02	2.7330697033e-01	3.2639997469e-01
-4.2069784328e-02	2.2268939105e-02	6.4338723432e-02
-5.8161036282e-02	-2.3020434384e-01	1.7204330756e-01
-7.8889920196e-02	-4.6784076462e-01	3.8895084442e-01
-7.4638666797e-02	-6.7532445749e-01	6.0068579069e-01
-4.5666271047e-02	-8.3928292521e-01	7.9361665416e-01
-1.7403849975e-02	-9.4914890764e-01	9.3174505767e-01
-5.3882491433e-03	-9.9784145048e-01	9.9245320134e-01
9.1945486593e-04	-9.8222227868e-01	9.8314173355e-01
1.7398300225e-02	-9.0329806091e-01	9.2069636114e-01
4.1178735386e-02	-7.6615552891e-01	8.0733426430e-01
5.6711812354e-02	-5.7963363336e-01	6.3634544572e-01
5.9269830084e-02	-3.5575386618e-01	4.1502369626e-01
5.9897787007e-02	-1.0894546528e-01	1.6884325229e-01
6.6381812371e-02	1.4488456182e-01	7.8502749448e-02
7.0677492153e-02	3.8937665794e-01	3.1869916578e-01
6.1646390097e-02	6.0877310334e-01	5.4712671324e-01
4.2742227787e-02	7.8893361394e-01	7.4619138615e-01
2.7284058935e-02	9.1824669439e-01	8.9096263545e-01
1.8741133493e-02	9.8837800870e-01	9.6963687520e-01
6.4869828953e-03	9.9480753510e-01	9.8832055220e-01
-1.6277666908e-02	9.3712088524e-01	9.5339855215e-01
-4.0007329348e-02	8.1903601188e-01	8.5904334123e-01
-5.1521703738e-02	6.4816358369e-01	6.9968528743e-01
-5.3101422888e-02	4.3551647135e-01	4.8861789424e-01
-5.8409569721e-02	1.9479995880e-01	2.5320952852e-01
-7.0487456482e-02	-5.8471573749e-02	1.2015882733e-02
-7.5406190639e-02	-3.0797456455e-01	2.3256837391e-01
-6.2705979845e-02	-5.3762833752e-01	4.7492235767e-01
-4.2490850206e-02	-7.3263151524e-01	6.9014066503e-01
-3.1921554707e-02	-8.8041598009e-01	8.4849442538e-01
-2.9544386776e-02	-9.7145689992e-01	9.4191251314e-01
-1.6679423107e-02	-9.9988661143e-01	9.8320718832e-01
1.3463004432e-02	-9.6387279597e-01	9.7733580040e-01
4.1692378351e-02	-8.6573657402e-01	9.0742895237e-01
4.7927097638e-02	-7.1180290703e-01	7.5973000467e-01
4.1338399484e-02	-5.1199294836e-01	5.5333134784e-01
4.9128943811e-02	-2.7918461668e-01	3.2831356049e-01
7.5463237161e-02	-2.8382603341e-02	1.0384584050e-01
8.9866399240e-02	2.2424869248e-01	1.3438229324e-01
6.7834202082e-02	4.6242697283e-01	3.9459277075e-01
3.0022477624e-02	6.7080144868e-01	6.4077897105e-01
2.0048853518e-02	8.3594221107e-01	8.1589335755e-01
4.3583028598e-02	9.4720579998e-01	9.0362277139e-01
5.2690379091e-02	9.9742118422e-01	9.4473080513e-01
6.5690183890e-03	9.8335194033e-01	9.7678292194e-01
-6.5898666066e-02	9.0590484284e-01	9.7180350890e-01
-9.0792156545e-02	7.7007142183e-01	8.6086357838e-01
-4.1442544241e-02	5.8460625472e-01	6.2604879896e-01
1.6870041688e-02	3.6146272637e-01	3.4459268468e-01
-3.5446364970e-03	1.1502262350e-01	1.1856725999e-01
-1.0401664085e-01	-1.3883078349e-01	3.4814142648e-02
-1.8382752931e-01	-3.8373643057e-01	1.9990890126e-01
-1.4492675105e-01	-6.0390994430e-01	4.5898319325e-01
-1.7020977096e-03	-7.8516095788e-01	7.8345886017e-01
1.2720897610e-01	-9.1580769215e-01	1.0430166683e+00
1.3390944685e-01	-9.8742985601e-01	1.1213393029e+00
1.7750860413e-02	-9.9541134118e-01	1.0131622016e+00
-1.2855648585e-01	-9.3923773430e-01	8.1068124845e-01
-2.0849653389e-01	-8.2252947122e-01	6.1403293733e-01
-1.8517824732e-01	-6.5280849695e-01	4.6763024963e-01
-7.1098500228e-02	-4.4101346999e-01	3.6991496976e-01
1.1368207491e-01	-2.0079475665e-01	3.1447683156e-01
3.5560057152e-01	5.2365346397e-02	3.0323522512e-01
6.2995094334e-01	3.0215045915e-01	3.2780048419e-01
8.9109551611e-01	5.3246172253e-01	3.5863379358e-01
1.0915308138e+00	7.2845538331e-01	3.6307543052e-01
1.2076064600e+00	8.7749948642e-01	3.3010697360e-01
1.2419556461e+00	9.6998801495e-01	2.7196763112e-01
1.2040442064e+00	9.9996000602e-01	2.0408420042e-01
1.0949253933e+00	9.6548373979e-01	1.2944165354e-01
9.1172969006e-01	8.6878124039e-01	4.2948449676e-02
6.6138580388e-01	7.1608506466e-01	5.4699260779e-02
3.6509019233e-01	5.1723660861e-01	1.5214641628e-01
4.9646221675e-02	2.8505182127e-01	2.3540559959e-01
-2.6310082573e-01	3.4495206043e-02	2.9759603178e-01
-5.5826496740e-01	-2.1828465401e-01	3.3998031339e-01
-8.2220950333e-01	-4.5699588586e-01	3.6521361747e-01
-1.0376308948e+00	-6.6625335130e-01	3.7137754354e-01
-1.1856628921e+00	-8.3257023195e-01	3.5309266016e-01
-1.2532116604e+00	-9.4522726600e-01	3.0798439438e-01
-1.2379874305e+00	-9.9696361353e-01	2.4102381700e-01
-1.1458473704e+00	-9.8444482375e-01	1.6140254663e-01
-9.8369075065e-01	-9.0847774312e-01	7.5213007529e-02
-7.5697633166e-01	-7.7395851340e-01	1.6982181741e-02
-4.7561548273e-01	-5.8955701128e-01	1.1394152855e-01
-1.6034415932e-01	-3.6715806753e-01	2.0681390821e-01
1.6092183448e-01	-1.2109547977e-01	2.8201731425e-01
4.6489184649e-01	1.3277181278e-01	3.3212003372e-01
7.3885290829e-01	3.7808185113e-01	3.6077105716e-01
9.7295316212e-01	5.9902419850e-01	3.7392896363e-01
1.1497211630e+00	7.8135893611e-01	3.6836222686e-01
1.2472880720e+00	9.1333443790e-01	3.3395363409e-01
1.2548559408e+00	9.8644477257e-01	2.6841116828e-01
1.1805794547e+00	9.9597791801e-01	1.8460153667e-01
1.0401714636e+00	9.4131945505e-01	9.8852008515e-02
8.4060825902e-01	8.2599216724e-01	1.4616091781e-02
5.8140587892e-01	6.5742899460e-01	7.6023115676e-02
2.7248627547e-01	4.4649397433e-01	1.7400769886e-01
-5.6470014331e-02	2.0678204461e-01	2.6325205894e-01
-3.7046689401e-01	-4.6257160535e-02	3.2420973347e-01
-6.5036040212e-01	-2.9631505306e-01	3.5404534906e-01
-8.9329373417e-01	-5.2727519301e-01	3.6601854116e-01
-1.0925494939e+00	-7.2425200652e-01	3.6829748734e-01
-1.2255590074e+00	-8.7455017349e-01	3.5100883390e-01
-1.2682373889e+00	-9.6848285157e-01	2.9975453736e-01
-1.2175302825e+00	-9.9999600123e-01	2.1753428128e-01
-1.0920360454e+00	-9.6705857366e-01	1.2497747171e-01
-9.1001787882e-01	-8.7179341357e-01	3.8224465250e-02
-6.7466726507e-01	-7.2034044007e-01	4.5673174996e-02
-3.8587987360e-01	-5.2246092375e-01	1.3658105015e-01
-6.0919037851e-02	-2.9090836467e-01	2.2998932682e-01
2.6561697542e-01	-4.0606518594e-02	3.0622349401e-01
5.6314139259e-01	2.1231245151e-01	3.5082894107e-01
8.1945127306e-01	4.5154770685e-01	3.6790356622e-01
1.0308069942e+00	6.6168033546e-01	3.6912665872e-01
1.1844949111e+00	8.2916711397e-01	3.5532779711e-01
1.2596559440e+00	9.4321337968e-01	3.1644256427e-01
1.2448742612e+00	9.9646875552e-01	2.4840550570e-01
1.1474950053e+00	9.8550088807e-01	1.6199411721e-01
9.8269578357e-01	9.1101666553e-01	7.1679118037e-02
7.5945133858e-01	7.7781665825e-01	1.8365319671e-02
4.8333446113e-01	5.9448571790e-01	1.1115125676e-01
1.6994794914e-01	3.7283967666e-01	2.0289172752e-01
-1.5295707129e-01	1.2716380696e-01	2.8012087825e-01
-4.5920711061e-01	-1.2670787628e-01	3.3249923433e-01
-7.3444193995e-01	-3.7241313109e-01	3.6202880886e-01
-9.6897671307e-01	-5.9411604866e-01	3.7486066441e-01
-1.1458352315e+00	-7.7752769083e-01	3.6830754066e-01
-1.2440749056e+00	-9.1082702413e-01	3.3324788143e-01
-1.2544443418e+00	-9.8542279523e-01	2.6902154656e-01
-1.1849675860e+00	-9.9650724439e-01	1.8846034158e-01
-1.0479149422e+00	-9.4336596961e-01	1.0454897256e-01
-8.4707371990e-01	-8.2942397043e-01	1.7649749469e-02
-5.8431946252e-01	-6.6202490382e-01	7.7705441301e-02
-2.7586082769e-01	-4.5195777940e-01	1.7609695171e-01
4.7026019174e-02	-2.1276159874e-01	2.5978761791e-01
3.5639063249e-01	4.0147244615e-02	3.1624338787e-01
6.4046449714e-01	2.9046856453e-01	3.4999593261e-01
8.9323988407e-01	5.2206894293e-01	3.7117094114e-01
1.0967128093e+00	7.2002154206e-01	3.7669126728e-01
1.2235314738e+00	8.7156815162e-01	3.5196332223e-01
1.2590004018e+00	9.6694146608e-01	2.9205893569e-01
1.2123205941e+00	9.9999459571e-01	2.1232599836e-01
1.1004546883e+00	9.6859723869e-01	1.3185744963e-01
9.2670066908e-01	8.7477298091e-01	5.1927688169e-02
6.8477750307e-01	7.2456887412e-01	3.9791371045e-02
3.8360427636e-01	5.2766569840e-01	1.4406142204e-01
5.7234960591e-02	2.9675402785e-01	2.3951906726e-01
-2.5675909284e-01	4.6716312425e-02	3.0347540526e-01
-5.4320171882e-01	-2.0633230834e-01	3.3686941048e-01
-8.0468387559e-01	-4.4608263955e-01	3.5860123604e-01
-1.0328722360e+00	-6.5708257219e-01	3.7578966379e-01
-1.1963177712e+00	-8.2573298442e-01	3.7058478681e-01
-1.2640904574e+00	-9.4116421635e-01	3.2292624106e-01
-1.2355326848e+00	-9.9593662871e-01	2.3959605611e-01
-1.1364999365e+00	-9.8652009379e-01	1.4997984275e-01
-9.8634360937e-01	-9.1352151513e-01	7.2822094249e-02
-7.7902766518e-01	-7.8164571206e-01	2.6180468833e-03
-5.0330925045e-01	-5.9939219022e-01	9.6082939770e-02
-1.7517083742e-01	-3.7850734126e-01	2.0333650384e-01
1.6070871829e-01	-1.3322737811e-01	2.9393609640e-01
4.6353961591e-01	1.2063920079e-01	3.4290041512e-01
7.2275564452e-01	3.6673048248e-01	3.5602516204e-01
9.4697523696e-01	5.8918567836e-01	3.5778955860e-01
1.1323163938e+00	7.7366736534e-01	3.5864902851e-01
1.2510340150e+00	9.0828554464e-01	3.4274847037e-01
1.2736120809e+00	9.8436396221e-01	2.8924811864e-01
1.1960658933e+00	9.9699930052e-01	1.9906659275e-01
1.0407903386e+00	9.4537720147e-01	9.5413137134e-02
8.3349407849e-01	8.3282475243e-01	6.6932605950e-04
5.8516351698e-01	6.6659605273e-01	8.1432535749e-02
2.9714169639e-01	4.5740468086e-01	1.6026298447e-01
-2.1639953976e-02	2.1873319539e-01	2.4037314937e-01
-3.4704576128e-01	-3.4035827152e-02	3.1300993413e-01
-6.4820169466e-01	-2.8461121222e-01	3.6359048244e-01
-9.0037707817e-01	-5.1684316702e-01	3.8353391116e-01
-1.0897882150e+00	-7.1576414816e-01	3.7402406682e-01
-1.2096799328e+00	-8.6855353233e-01	3.4112640047e-01
-1.2551387369e+00	-9.6536391613e-01	2.8977482075e-01
-1.2220881343e+00	-9.9995578951e-01	2.2213234475e-01
-1.1100423285e+00	-9.7009967734e-01	1.3994265120e-01
-9.2512255668e-01	-8.7771983098e-01	4.7402725701e-02
-6.8036592304e-01	-7.2877020865e-01	4.8404285607e-02
-3.9287722507e-01	-5.3285073789e-01	1.3997351281e-01
-8.0407488803e-02	-3.0258859216e-01	2.2218110336e-01
2.3923970335e-01	-5.2824359025e-02	2.9206406238e-01
5.4604533463e-01	2.0034444816e-01	3.4570088648e-01
8.1731943484e-01	4.4060088838e-01	3.7671854647e-01
1.0322013312e+00	6.5246023346e-01	3.7974109770e-01
1.1775863288e+00	8.2226797172e-01	3.5531835705e-01
1.2486673068e+00	9.3907985265e-01	3.0958745413e-01
1.2435299738e+00	9.9536725299e-01	2.4816272081e-01
1.1595367305e+00	9.8750240279e-01	1.7203432775e-01
9.9735360228e-01	9.1599219821e-01	8.1361404070e-02
7.6759256744e-01	7.8544553164e-01	1.7852964208e-02
4.9020159214e-01	6.0427624476e-01	1.1407465262e-01
1.8595465353e-01	3.8416084935e-01	1.9820619582e-01
-1.2942171940e-01	1.3928596644e-01	2.6870768584e-01
-4.4118164700e-01	-1.1456601329e-01	3.2661563371e-01
-7.2846471895e-01	-3.6103411782e-01	3.6743060113e-01
-9.6621242680e-01	-5.8423327200e-01	3.8197915479e-01
-1.1358326816e+00	-7.6977810400e-01	3.6605457765e-01
-1.2313584542e+00	-9.0571009446e-01	3.2564835975e-01
-1.2532050456e+00	-9.8326831311e-01	2.6993673245e-01
-1.1987810355e+00	-9.9745406800e-01	2.0132696750e-01
-1.0639108152e+00	-9.4735307538e-01	1.1655773984e-01
-8.5374064169e-01	-8.3619438605e-01	1.7546255639e-02
-5.8763111716e-01	-6.7114227036e-01	8.3511153204e-02
-2.9003134696e-01	-4.6283447498e-01	1.7280312802e-01
2.1341235755e-02	-2.2469661123e-01	2.4603784699e-01
3.3479294112e-01	2.7923136719e-02	3.0686980440e-01
6.3378654301e-01	2.7874321519e-01	3.5504332782e-01
8.9282981708e-01	5.1159806071e-01	3.8123175637e-01
1.0877526523e+00	7.1147998405e-01	3.7627266828e-01
1.2076771743e+00	8.6550642837e-01	3.4217074591e-01
1.2533106374e+00	9.6375026073e-01	2.8956037667e-01
1.2250963955e+00	9.9987958409e-01	2.2521681139e-01
1.1185873109e+00	9.7156583340e-01	1.4702147751e-01
9.3366205250e-01	8.8063385355e-01	5.3028198950e-02
6.8424258189e-01	7.3294428654e-01	4.8701704646e-02
3.9429061689e-01	5.3801584829e-01	1.4372523139e-01
8.5057043048e-02	3.0841183940e-01	2.2335479635e-01
-2.2961909258e-01	5.8930429948e-02	2.8854952252e-01
-5.3525930846e-01	-1.9434909491e-01	3.4091021355e-01
-8.0953866218e-01	-4.3510265834e-01	3.7443600384e-01
-1.0278767841e+00	-6.4781349214e-01	3.8006329195e-01
-1.1750669989e+00	-8.1877220548e-01	3.5629479340e-01
-1.2475981727e+00	-9.3696036654e-01	3.1063780620e-01
-1.2449142865e+00	-9.9476064966e-01	2.5015363683e-01
-1.1635087054e+00	-9.8844777833e-01	1.7506092711e-01
-1.0028104370e+00	-9.1842862238e-01	8.4381814580e-02
-7.7391381872e-01	-7.8921597487e-01	1.5302156149e-02
-4.9770030172e-01	-6.0913769882e-01	1.1143739711e-01
-1.9426729178e-01	-3.8979998949e-01	1.9553269771e-01
1.2189900255e-01	-1.4533934536e-01	2.6723834791e-01
4.3534642785e-01	1.0848854093e-01	3.2685788692e-01
7.2316980107e-01	3.5532425017e-01	3.6784555090e-01
9.6027025629e-01	5.7925901480e-01	3.8101124149e-01
1.1306934059e+00	7.6586005228e-01	3.6483335363e-01
1.2299624400e+00	9.0310076993e-01	3.2686167006e-01
1.2559808909e+00	9.8213588892e-01	2.7384500195e-01
1.2026388123e+00	9.9787152982e-01	2.0476728249e-01
1.0663443850e+00	9.4929351745e-01	1.1705086753e-01
8.5651190526e-01	8.3953274527e-01	1.6979159986e-02
5.9439110887e-01	6.7566338668e-01	8.1272277810e-02
3.0070534158e-01	4.6824695868e-01	1.6754161710e-01
-1.1439439800e-02	2.3065162322e-01	2.4209106302e-01
-3.2933624788e-01	-2.1809401937e-02	3.0752684594e-01
-6.3082325305e-01	-2.7286479293e-01	3.5795846012e-01
-8.8778263726e-01	-5.0633382019e-01	3.8144881707e-01
-1.0801984076e+00	-7.0716920997e-01	3.7302919767e-01
-1.2025838937e+00	-8.6242695372e-01	3.4015693994e-01
-1.2547979834e+00	-9.6210056021e-01	2.9269742322e-01
-1.2310503543e+00	-9.9976598229e-01	2.3128437203e-01
-1.1234126480e+00	-9.7299565205e-01	1.5041699595e-01
-9.3549312738e-01	-8.8351493963e-01	5.1978187741e-02
-6.8703558003e-01	-7.3709095166e-01	5.0055371633e-02
-4.0221271933e-01	-5.4316083642e-01	1.4094811709e-01
-9.6725600858e-02	-3.1422355176e-01	2.1749795090e-01
2.1969491758e-01	-6.5034296821e-02	2.8472921440e-01
5.3029600924e-01	1.8834647285e-01	3.4194953639e-01
8.0736568361e-01	4.2958815508e-01	3.7777752853e-01
1.0244555830e+00	6.4314252203e-01	3.8131306097e-01
1.1696801269e+00	8.1524581644e-01	3.5443431045e-01
1.2435518231e+00	9.3480583729e-01	3.0874598585e-01
1.2456929046e+00	9.9411684141e-01	2.5157606318e-01
1.1692087418e+00	9.8935618506e-01	1.7985255678e-01
1.0103193582e+00	9.2083069651e-01	8.9488661649e-02
7.7997038343e-01	7.9295690073e-01	1.2986517293e-02
5.0176401363e-01	6.1397637061e-01	1.1221235698e-01
1.9883898721e-01	3.9542455076e-01	1.9658556355e-01
-1.1392353508e-01	1.5138728846e-01	2.6531082354e-01
-4.2429980768e-01	-1.0240701099e-01	3.2189279669e-01
-7.1347502889e-01	-3.4960109307e-01	3.6387393581e-01
-9.5653346238e-01	-5.7426309281e-01	3.8227036957e-01
-1.1324396756e+00	-7.6191335673e-01	3.7052631886e-01
-1.2315532961e+00	-9.0045766864e-01	3.3109562747e-01
-1.2532213423e+00	-9.8096673198e-01	2.7225461036e-01
-1.1986998045e+00	-9.9825167037e-01	2.0044813417e-01
-1.0687646900e+00	-9.5119845512e-01	1.1756623485e-01
-8.6768717696e-01	-8.4283970523e-01	2.4847471731e-02
-6.0744343594e-01	-6.8015923260e-01	7.2715796659e-02
-3.0713612428e-01	-4.7364192953e-01	1.6650580525e-01
1.1207953196e-02	-2.3659800864e-01	2.4780596183e-01
3.2644949177e-01	1.5694851464e-02	3.1075464030e-01
6.1979675995e-01	2.6697616528e-01	3.5282059467e-01
8.7450939109e-01	5.0105064234e-01	3.7345874875e-01
1.0751014065e+00	7.0283198714e-01	3.7226941934e-01
1.2073616498e+00	8.5931522354e-01	3.4804642622e-01
1.2603482290e+00	9.6041487629e-01	2.9993335273e-01
1.2297065857e+00	9.9961498836e-01	2.3009159735e-01
1.1192723399e+00	9.7438907981e-01	1.4488326013e-01
9.3877517156e-01	8.8636298149e-01	5.2412190074e-02
6.9990021956e-01	7.4121004894e-01	4.1309829375e-02
4.1532642474e-01	5.4828550986e-01	1.3295908513e-01
1.0146743335e-01	3.2002351188e-01	2.1855607854e-01
-2.1991105388e-01	7.1135731354e-02	2.9104678523e-01
-5.2517195258e-01	-1.8233680645e-01	3.4283514612e-01
-7.9448904563e-01	-4.2405758484e-01	3.7043146079e-01
-1.0134544652e+00	-6.3844749782e-01	3.7500696741e-01
-1.1697939257e+00	-8.1168893649e-01	3.5810498920e-01
-1.2513356334e+00	-9.3261634548e-01	3.1871928794e-01
-1.2496403921e+00	-9.9343585231e-01	2.5620453980e-01
-1.1652205055e+00	-9.9022758899e-01	1.7499291653e-01
-1.0071982393e+00	-9.2319833077e-01	8.3999908581e-02
-7.8753768971e-01	-7.9666816930e-01	9.1304795821e-03
-5.1753673885e-01	-6.1879207913e-01	1.0125534028e-01
-2.1097347924e-01	-4.0103432281e-01	1.9006084357e-01
1.1158326993e-01	-1.5742956953e-01	2.6901283946e-01
4.2507440628e-01	9.6321650944e-02	3.2875275534e-01
7.0757605691e-01	3.4386486059e-01	3.6371119632e-01
9.4426240812e-01	5.6924569287e-01	3.7501671525e-01
1.1236478157e+00	7.5793816494e-01	3.6570965079e-01
1.2329222209e+00	8.9778088944e-01	3.3514133148e-01
1.2604474410e+00	9.7976088602e-01	2.8068655495e-01
1.2030269355e+00	9.9859447543e-01	2.0443246008e-01
1.0682183217e+00	9.5306781712e-01	1.1515050458e-01
8.6842771757e-01	8.4611514223e-01	2.2312575337e-02
6.1480298637e-01	6.8462963996e-01	6.9826653597e-02
3.1891394462e-01	4.7901918576e-01	1.6010524114e-01
-1.2315048733e-03	2.4253554508e-01	2.4376704995e-01
-3.2083278070e-01	-9.5797139891e-03	3.1125306671e-01
-6.1580304060e-01	-2.6107755249e-01	3.5472548811e-01
-8.6925088230e-01	-4.9574872475e-01	3.7350215755e-01
-1.0695176882e+00	-6.9846847777e-01	3.7104921042e-01
-1.2042839884e+00	-8.5617135421e-01	3.4811263418e-01
-1.2605976946e+00	-9.5869327201e-01	3.0190442260e-01
-1.2318387512e+00	-9.9942660796e-01	2.3241214324e-01
-1.1223566545e+00	-9.7574606455e-01	1.4661058992e-01
-9.4352186666e-01	-8.8917787259e-01	5.4343994075e-02
-7.0681485088e-01	-7.4530142431e-01	3.8486573434e-02
-4.2326248036e-01	-5.5338967694e-01	1.3012719659e-01
-1.0887811542e-01	-3.2581150284e-01	2.1693338742e-01
2.1317935944e-01	-7.7234505348e-02	2.9041386479e-01
5.1839028231e-01	1.7632032050e-01	3.4206996180e-01
7.8790494467e-01	4.1851115448e-01	3.6939379019e-01
1.0084756069e+00	6.3372859511e-01	3.7474701182e-01
1.1672589711e+00	8.0810169866e-01	3.5915727248e-01
1.2506769862e+00	9.3039197300e-01	3.2028501325e-01
1.2502313353e+00	9.9271770784e-01	2.5751362742e-01
1.1676354585e+00	9.9106195754e-01	1.7657350096e-01
1.0122265952e+00	9.2553143659e-01	8.6695158582e-02
7.9445661000e-01	8.0034964178e-01	5.8930317777e-03
5.2453958257e-01	6.2358464429e-01	9.9045061720e-02
2.1737705910e-01	4.0662909582e-01	1.8925203672e-01
-1.0469605852e-01	1.6346596261e-01	2.6816202113e-01
-4.1698953020e-01	-9.0232688383e-02	3.2675684182e-01
-6.9980528654e-01	-3.3811576727e-01	3.6168951927e-01
-9.3918224685e-01	-5.6420700264e-01	3.7497524421e-01
-1.1216435989e+00	-7.5393462560e-01	3.6770897332e-01
-1.2321581221e+00	-8.9507053245e-01	3.3708758967e-01
-1.2597411548e+00	-9.7851839614e-01	2.8122275863e-01
-1.2037497646e+00	-9.9889993218e-01	2.0484983247e-01
-1.0723950428e+00	-9.5490153355e-01	1.1749350924e-01
-8.7565535627e-01	-8.4935893379e-01	2.6296422482e-02
-6.2240613983e-01	-6.8907444157e-01	6.6668301740e-02
-3.2520377966e-01	-4.8437852625e-01	1.5917474659e-01
-4.8435304420e-03	-2.4846401048e-01	2.4362048004e-01
3.1325193474e-01	3.4642182249e-03	3.0978771652e-01
6.0740467694e-01	2.5516917517e-01	3.5223550176e-01
8.6275657754e-01	4.9042826572e-01	3.7232831182e-01
1.0664741715e+00	6.9407884507e-01	3.7239532642e-01
1.2034992357e+00	8.5299546332e-01	3.5050377241e-01
1.2602351186e+00	9.5693581175e-01	3.0329930689e-01
1.2320725722e+00	9.9920084812e-01	2.3287172407e-01
1.1249630657e+00	9.7706655554e-01	1.4789651013e-01
9.4924891683e-01	8.9195950765e-01	5.7289409181e-02
7.1428412813e-01	7.4936492475e-01	3.5080796615e-02
4.3065830353e-01	5.5847314676e-01	1.2781484323e-01
1.1579138025e-01	3.3158730817e-01	2.1579592792e-01
-2.0614987744e-01	8.3330390703e-02	2.8948026814e-01
-5.1122128004e-01	-1.7029724002e-01	3.4092404002e-01
-7.8149735765e-01	-4.1294907143e-01	3.6854828621e-01
-1.0036496247e+00	-6.2898599040e-01	3.7466363433e-01
-1.1642423488e+00	-8.0448423711e-01	3.5975811167e-01
-1.2496577930e+00	-9.2813280304e-01	3.2152498998e-01
-1.2515668845e+00	-9.9196243486e-01	2.5960444963e-01
-1.1710901149e+00	-9.9185925951e-01	1.7923085540e-01
-1.0167248009e+00	-9.2782992673e-01	8.8894874130e-02
-7.9934843429e-01	-8.0400118047e-01	4.6527461861e-03
-5.3064214489e-01	-6.2835388684e-01	9.7711741947e-02
-2.2569950811e-01	-4.1220866055e-01	1.8650915244e-01
9.5221938638e-02	-1.6949624191e-01	2.6471818055e-01
4.0924183489e-01	8.4140351039e-02	3.2510148385e-01
6.9527165778e-01	3.3235402811e-01	3.6291762967e-01
9.3605480035e-01	5.5914721057e-01	3.7690758978e-01
1.1174053765e+00	7.4990288845e-01	3.6750248809e-01
1.2276200130e+00	8.9232669903e-01	3.3529331398e-01
1.2587406162e+00	9.7723930881e-01	2.8150130734e-01
1.2082456921e+00	9.9916802919e-01	2.0907766295e-01
1.0794387910e+00	9.5669953582e-01	1.2273925516e-01
8.8083393557e-01	8.5257095858e-01	2.8262976990e-02
6.2555429408e-01	6.9349347120e-01	6.7939177117e-02
3.3052189985e-01	4.8971975056e-01	1.5919785071e-01
1.4819907193e-02	2.5438318311e-01	2.3956327591e-01
-3.0200601778e-01	2.6514071042e-03	3.0465742488e-01
-6.0043877009e-01	-2.4925125430e-01	3.5118751579e-01
-8.6089123047e-01	-4.8508946425e-01	3.7580176622e-01
-1.0650943932e+00	-6.8966325320e-01	3.7543114002e-01
-1.1991891823e+00	-8.4978766965e-01	3.4940151263e-01
-1.2557979732e+00	-9.5514256126e-01	3.0065541193e-01
-1.2329826898e+00	-9.9893771729e-01	2.3404497248e-01
-1.1319704038e+00	-9.7835050338e-01	1.5361990042e-01
-9.5722380166e-01	-8.9470778265e-01	6.2516019016e-02
-7.1892338422e-01	-7.5340039828e-01	3.4477014067e-02
-4.3391009847e-01	-5.6353572920e-01	1.2962563072e-01
-1.2261977866e-01	-3.3735071184e-01	2.1473093318e-01
1.9515282649e-01	-8.9423159429e-02	2.8457598591e-01
5.0121962529e-01	1.6426779027e-01	3.3695183502e-01
7.7694068859e-01	4.0737154373e-01	3.6956914486e-01
1.0028364691e+00	6.2421986106e-01	3.7861660806e-01
1.1622491431e+00	8.0083668715e-01	3.6141245593e-01
1.2454473843e+00	9.2583892009e-01	3.1960846421e-01
1.2495261425e+00	9.9117006160e-01	2.5835608095e-01
1.1750642890e+00	9.9261946506e-01	1.8244482390e-01
1.0248178994e+00	9.3009371521e-01	9.4724184241e-02
8.0644099872e-01	8.0762264882e-01	1.1816501053e-03
5.3494765939e-01	6.3309962839e-01	9.8151969002e-02
2.3045926667e-01	4.1777280831e-01	1.8731354164e-01
-8.6853990227e-02	1.7552018190e-01	2.6237417213e-01
-3.9891111655e-01	-7.8044866773e-02	3.2086624978e-01
-6.8752532104e-01	-3.2657985862e-01	3.6094546242e-01
-9.3279643741e-01	-5.5406650591e-01	3.7872993150e-01
-1.1162144905e+00	-7.4584310426e-01	3.7037138626e-01
-1.2257130107e+00	-8.8954949181e-01	3.3616351888e-01
-1.2568155536e+00	-9.7592367187e-01	2.8089188173e-01
-1.2092435926e+00	-9.9939875644e-01	2.0984483619e-01
-1.0844647255e+00	-9.5846175669e-01	1.2600296880e-01
-8.8788511844e-01	-8.5575109646e-01	3.2134021977e-02
-6.3227126679e-01	-6.9788656355e-01	6.5615296767e-02
-3.3677675459e-01	-4.9504265892e-01	1.5826590433e-01
-2.1863202666e-02	-2.6029284158e-01	2.3842963891e-01
2.9403382280e-01	-8.7669332683e-03	3.0280075606e-01
5.9300327647e-01	2.4332401121e-01	3.4967926526e-01
8.5530589796e-01	4.7973252001e-01	3.7557337796e-01
1.0613537298e+00	6.8522186733e-01	3.7613186250e-01
1.1968391865e+00	8.4654809318e-01	3.5029109330e-01
1.2551050615e+00	9.5331358759e-01	3.0179147394e-01
1.2345540312e+00	9.9863722531e-01	2.3591680590e-01
1.1356547062e+00	9.7959786005e-01	1.5605684613e-01
9.6218787922e-01	8.9742259478e-01	6.4765284437e-02
7.2476018363e-01	7.5740769398e-01	3.2647510354e-02
4.4091686779e-01	5.6857723490e-01	1.2766036711e-01
1.3073515537e-01	3.4310149829e-01	2.1236634293e-01
-1.8704185781e-01	9.5512583650e-02	2.8255444146e-01
-4.9437242021e-01	-1.5823219676e-01	3.3614022345e-01
-7.7153132598e-01	-4.0177877997e-01	3.6975254601e-01
-9.9827883774e-01	-6.1943038534e-01	3.7884845240e-01
-1.1586318482e+00	-7.9715918519e-01	3.6147266302e-01
-1.2438811966e+00	-9.2351040996e-01	3.2037078661e-01
-1.2507833210e+00	-9.9034061772e-01	2.6044270331e-01
-1.1784949130e+00	-9.9334254578e-01	1.8515236720e-01
-1.0292021901e+00	-9.3232271736e-01	9.6879472710e-02
-8.1156809993e-01	-8.1121391137e-01	3.5418856067e-04
-5.4157310348e-01	-6.3782169147e-01	9.6248587993e-02
-2.3866549048e-01	-4.2332133100e-01	1.8465584052e-01
7.8456042641e-02	-1.8153755729e-01	2.5999359993e-01
3.9187152086e-01	7.1946463560e-02	3.1992505730e-01
6.8196906315e-01	3.2079347476e-01	3.6117558839e-01
9.2785424168e-01	5.4896507867e-01	3.7888916301e-01
1.1118435043e+00	7.4175542489e-01	3.7008807939e-01
1.2232346046e+00	8.8673901465e-01	3.3649558995e-01
1.2573451998e+00	9.7457153453e-01	2.8277366528e-01
1.2122545720e+00	9.9959210529e-01	2.1266246675e-01
1.0885418246e+00	9.6018813025e-01	1.2835369439e-01
8.9256267250e-01	8.5889922850e-01	3.3663443995e-02
6.3831873424e-01	7.0225355434e-01	6.3934820094e-02
3.4458784139e-01	5.0034705225e-01	1.5575921086e-01
3.0338635200e-02	2.6619276487e-01	2.3585412967e-01
-2.8650052684e-01	1.4882131541e-02	3.0138265838e-01
-5.8689728246e-01	-2.3738766759e-01	3.4950961486e-01
-8.5003319843e-01	-4.7435763334e-01	3.7567556509e-01
-1.0567541825e+00	-6.8075485355e-01	3.7599932895e-01
-1.1938679843e+00	-8.4327685506e-01	3.5059112922e-01
-1.2547240215e+00	-9.5144895916e-01	3.0327506231e-01
-1.2365453438e+00	-9.9829938342e-01	2.3824596038e-01
-1.1390873909e+00	-9.8080857889e-01	1.5827881197e-01
-9.6672678174e-01	-9.0010384253e-01	6.6622939212e-02
-7.3080276250e-01	-7.6138666196e-01	3.0583899458e-02
-4.4843329091e-01	-5.7359747531e-01	1.2516418440e-01
-1.3870290100e-01	-3.4883945245e-01	2.1013655145e-01
1.7967894486e-01	-1.0159843562e-01	2.8127738048e-01
4.8771341916e-01	1.5219068522e-01	3.3552273393e-01
7.6527607560e-01	3.9617098933e-01	3.6910508627e-01
9.9296627054e-01	6.1461774239e-01	3.7834852815e-01
1.1555093261e+00	7.9345186878e-01	3.6205745732e-01
1.2434164093e+00	9.2114735972e-01	3.2226904954e-01
1.2520686248e+00	9.8947413422e-01	2.6259449059e-01
1.1806301990e+00	9.9402847460e-01	1.8660172437e-01
1.0326990705e+00	9.3451684983e-01	9.8182220621e-02
8.1753458437e-01	8.1477483381e-01	2.7597505579e-03
5.4966240445e-01	6.4251989945e-01	9.2857494998e-02
2.4684386658e-01	4.2885402110e-01	1.8201015451e-01
-7.1689884590e-02	1.8754814301e-01	2.5923802760e-01
-3.8585213964e-01	-6.5845369486e-02	3.2000677015e-01
-6.7530193240e-01	-3.1499509294e-01	3.6030683946e-01
-9.2106242634e-01	-5.4384311965e-01	3.7721930669e-01
-1.1073826750e+00	-7.3764000322e-01	3.6974267179e-01
-1.2225780743e+00	-8.8389537268e-01	3.3868270166e-01
-1.2591138127e+00	-9.7318294736e-01	2.8593086537e-01
-1.2141536904e+00	-9.9974806852e-01	2.1440562192e-01
-1.0905635640e+00	-9.6187859193e-01	1.2868497203e-01
-8.9695097027e-01	-8.6201523696e-01	3.4935733314e-02
-6.4618960507e-01	-7.0659428022e-01	6.0404675155e-02
-3.5385789294e-01	-5.0563273215e-01	1.5177483921e-01
-3.7960373931e-02	-2.7208273232e-01	2.3412235839e-01
2.8095882445e-01	-2.0996773210e-02	3.0195559766e-01
5.8125600117e-01	2.3144244546e-01	3.4981355571e-01
8.4311204934e-01	4.6896500528e-01	3.7414704406e-01
1.0505831400e+00	6.7626237895e-01	3.7432076109e-01
1.1913870971e+00	8.3997407764e-01	3.5141301945e-01
1.2561049110e+00	9.4954874570e-01	3.0655616526e-01
1.2391845943e+00	9.9792420426e-01	2.4126039007e-01
1.1412420499e+00	9.8198261464e-01	1.5925943527e-01
9.6975537668e-01	9.0275142559e-01	6.7003951091e-02
7.3697077560e-01	7.6533715341e-01	2.8366377812e-02
4.5739512487e-01	5.7859626268e-01	1.2120113780e-01
1.4752675410e-01	3.5456435971e-01	2.0703760561e-01
-1.7304578344e-01	1.0768048771e-01	2.8072627115e-01
-4.8233501403e-01	-1.4614348163e-01	3.3619153241e-01
-7.5925307817e-01	-3.9054838155e-01	3.6870469662e-01
-9.8663350948e-01	-6.0978211219e-01	3.7685139729e-01
-1.1513759934e+00	-7.8971487656e-01	3.6166111682e-01
-1.2430575684e+00	-9.1874985777e-01	3.2430771061e-01
-1.2543115527e+00	-9.8857064352e-01	2.6574090915e-01
-1.1833941165e+00	-9.9467722589e-01	1.8871689056e-01
-1.0357718898e+00	-9.3667603055e-01	9.9095859233e-02
-8.2248946123e-01	-8.1830528295e-01	4.1841782815e-03
-5.5725061201e-01	-6.4719407662e-01	8.9943464613e-02
-2.5558533302e-01	-4.3437067168e-01	1.7878533866e-01
6.3901099969e-02	-1.9355171427e-01	2.5745281424e-01
3.7951504880e-01	5.9741812737e-02	3.1977323606e-01
6.6945353921e-01	3.0918493003e-01	3.6026860918e-01
9.1531315256e-01	5.3870082043e-01	3.7661233213e-01
1.1028710223e+00	7.3349699316e-01	3.6937402919e-01
1.2206681392e+00	8.8101867224e-01	3.3964946696e-01
1.2598459007e+00	9.7175796229e-01	2.8808793845e-01
1.2165419314e+00	9.9986664030e-01	2.1667529115e-01
1.0940582747e+00	9.6353307850e-01	1.3052519616e-01
9.0190295137e-01	8.6509900528e-01	3.6803946087e-02
6.5285337948e-01	7.1090857886e-01	5.8055199384e-02
3.6158073626e-01	5.1089950095e-01	1.4931876470e-01
4.5703086267e-02	2.7796252363e-01	2.3225943737e-01
-2.7369533098e-01	2.7110629580e-02	3.0080596056e-01
-5.7448706019e-01	-2.2548856719e-01	3.4899849300e-01
-8.3715270806e-01	-4.6355483752e-01	3.7359787054e-01
-1.0462127527e+00	-6.7174461154e-01	3.7446814115e-01
-1.1891205766e+00	-8.3663988446e-01	3.5248069215e-01
-1.2557430348e+00	-9.4761301828e-01	3.0813001648e-01
-1.2403651562e+00	-9.9751170185e-01	2.4285345430e-01
-1.1441119105e+00	-9.8311992337e-01	1.6099198714e-01
-9.7466402629e-01	-9.0536524496e-01	6.9298781329e-02
-7.4361712726e-01	-7.6925902058e-01	2.5641893320e-02
-4.6477021271e-01	-5.8357341003e-01	1.1880319732e-01
-1.5483152603e-01	-3.6027600594e-01	2.0544447991e-01
1.6583229868e-01	-1.1375851246e-01	2.7959081114e-01
4.7508914442e-01	1.4009081213e-01	3.3499833229e-01
7.5259302426e-01	3.8491116691e-01	3.6768185735e-01
9.8168424413e-01	6.0492367560e-01	3.7676056852e-01
1.1486807201e+00	7.8594834832e-01	3.6273237179e-01
1.2421984714e+00	9.1631799376e-01	3.2588047769e-01
1.2547935897e+00	9.8763017941e-01	2.6716341026e-01
1.1854887864e+00	9.9528877538e-01	1.9020001104e-01
1.0400647779e+00	9.3880017876e-01	1.0126459918e-01
8.2878682147e-01	8.2180512676e-01	6.9816947120e-03
5.6446555327e-01	6.5184404817e-01	8.7378494896e-02
2.6280369704e-01	4.3987107642e-01	1.7706737938e-01
-5.6702606162e-02	1.9954804652e-01	2.5625065268e-01
